22 
39 
107 
75 
149 
78 
94 
14 
99 
162 
143 
7 
71 
105 
12 
160 
162 
104 
194 
82 
91 
11 
26 
142 
39 
92 
76 
124 
64 
118 
6 
22 
147 
126 
36 
73 
89 
11 
151 
10 
97 
30 
42 
60 
85 
134 
34 
45 
24 
86 
119 
151 
142 
176 
157 
67 
97 
8 
154 
139 
51 
33 
184 
46 
12 
133 
46 
46 
12 
33 
15 
176 
23 
89 
124 
163 
25 
74 
78 
114 
96 
10 
172 
166 
115 
70 
94 
56 
86 
96 
50 
73 
154 
129 
171 
71 
105 
113 
37 
7 
13 
22 
9 
120 
100 
107 
41 
153 
126 
59 
18 
66 
13 
14 
139 
13 
75 
8 
109 
137 
41 
192 
23 
86 
184 
15 
195 
126 
120 
165 
101 
116 
126 
36 
7 
122 
159 
88 
173 
146 
130 
108 
53 
162 
59 
100 
56 
145 
76 
57 
31 
88 
173 
34 
7 
133 
172 
6 
22 
83 
82 
84 
95 
174 
111 
72 
109 
87 
179 
158 
126 
12 
8 
10 
123 
103 
12 
106 
12 
32 
37 
116 
15 
10 
46 
142 
24 
135 
56 
43 
178 
71 
104 
15 
166 
89 
36 
11 
92 
96 
59 
13 
167 
151 
154 
109 
116 
91 
11 
88 
108 
76 
14 
89 
145 
17 
66 
154 
41 
182 
73 
39 
58 
14 
145 
88 
162 
189 
120 
98 
33 
184 
110 
68 
24 
75 
18 
16 
166 
98 
176 
81 
118 
35 
131 
194 
112 
26 
