18 
79 
106 
110 
15 
155 
6 
90 
11 
79 
6 
73 
30 
11 
37 
67 
68 
99 
22 
54 
97 
10 
142 
77 
88 
163 
126 
138 
83 
78 
75 
11 
53 
173 
63 
100 
151 
55 
48 
37 
44 
27 
18 
6 
15 
112 
131 
13 
122 
13 
98 
53 
52 
106 
103 
152 
123 
26 
178 
73 
169 
39 
39 
14 
11 
121 
86 
56 
115 
17 
148 
104 
78 
86 
98 
36 
94 
52 
91 
15 
141 
74 
146 
17 
47 
194 
21 
79 
97 
8 
9 
73 
183 
97 
73 
49 
31 
97 
9 
14 
106 
8 
8 
106 
116 
120 
61 
168 
35 
80 
9 
50 
151 
78 
91 
7 
181 
150 
106 
15 
67 
145 
180 
7 
179 
124 
82 
108 
79 
121 
120 
39 
38 
9 
167 
87 
88 
7 
51 
55 
155 
47 
81 
43 
98 
10 
92 
11 
165 
34 
115 
59 
99 
103 
108 
83 
171 
15 
9 
42 
13 
41 
88 
14 
155 
188 
96 
82 
135 
182 
36 
107 
14 
95 
142 
23 
6 
144 
35 
97 
68 
14 
67 
191 
19 
10 
158 
183 
43 
12 
148 
13 
37 
122 
80 
93 
132 
32 
103 
174 
111 
68 
192 
121 
134 
48 
85 
8 
23 
8 
6 
57 
83 
172 
101 
81 
86 
165
